
braves
4119787
4119911
4119912
4119788
4119782
4119783
4119784
4119785
4119772
4119773
4119774
4119765

cardinals
4119787
4119911
4119912
4119788
4119907
4119908
4119909
4119910
4119902
4119903
4119904
4119906

nationals
4120008
4119874
4119875
4120009
4119870
4119871
4119872
4119873
4119866
4119867
4119868
4119869

dodgers
4119874
4119875
4120009
4120003
4120004
4120005
4120006
4120010
4120011
4120012
4120013

rays
4119974
4119975
4119883
4119884
4119885
4119976
4119879
4119880
4119881
4119882
4119886
4119887
4119888
4119889

astros
4119974
4119975
4119950
4119883
4119884
4119976
4119970
4119971
4119972
4119973
4119965
4119966
4119967
411996

twins
4119962
4119963
4119964
4119962
4119963
4119999
4120000
4120001
4119964
4119995
4119996
4119997
4119998
4119991
4119992
4119993
4119994

yankees
4119962
4119963
4119964
4119958
4119959
4119960
4119961
4119953
4119954
4119955
4119956
4119962
4119963
4119999
4120000
4119964
4119958
4119959
4119960
4119961

